GEO	channel	chamber	sl	layer	cell
24	0	1	1	4	1
24	1	1	1	2	1
24	2	1	1	3	1
24	3	1	1	1	1
24	4	1	1	4	2
24	5	1	1	2	2
24	6	1	1	3	2
24	7	1	1	1	2
24	8	1	1	4	3
24	9	1	1	2	3
24	10	1	1	3	3
24	11	1	1	1	3
24	12	1	1	4	4
24	13	1	1	2	4
24	14	1	1	3	4
24	15	1	1	1	4
24	16	1	1	4	5
24	17	1	1	2	5
24	18	1	1	3	5
24	19	1	1	1	5
24	20	1	1	4	6
24	21	1	1	2	6
24	22	1	1	3	6
24	23	1	1	1	6
24	24	1	1	4	7
24	25	1	1	2	7
24	26	1	1	3	7
24	27	1	1	1	7
24	28	1	1	4	8
24	29	1	1	2	8
24	30	1	1	3	8
24	31	1	1	1	8
24	32	1	1	4	9
24	33	1	1	2	9
24	34	1	1	3	9
24	35	1	1	1	9
24	36	1	1	4	10
24	37	1	1	2	10
24	38	1	1	3	10
24	39	1	1	1	10
24	40	1	1	4	11
24	41	1	1	2	11
24	42	1	1	3	11
24	43	1	1	1	11
24	44	1	1	4	12
24	45	1	1	2	12
24	46	1	1	3	12
24	47	1	1	1	12
24	48	1	1	4	13
24	49	1	1	2	13
24	50	1	1	3	13
24	51	1	1	1	13
24	52	1	1	4	14
24	53	1	1	2	14
24	54	1	1	3	14
24	55	1	1	1	14
24	56	1	1	4	15
24	57	1	1	2	15
24	58	1	1	3	15
24	59	1	1	1	15
24	60	1	1	4	16
24	61	1	1	2	16
24	62	1	1	3	16
24	63	1	1	1	16
24	64	1	2	4	1
24	65	1	2	2	1
24	66	1	2	3	1
24	67	1	2	1	1
24	68	1	2	4	2
24	69	1	2	2	2
24	70	1	2	3	2
24	71	1	2	1	2
24	72	1	2	4	3
24	73	1	2	2	3
24	74	1	2	3	3
24	75	1	2	1	3
24	76	1	2	4	4
24	77	1	2	2	4
24	78	1	2	3	4
24	79	1	2	1	4
24	80	1	2	4	5
24	81	1	2	2	5
24	82	1	2	3	5
24	83	1	2	1	5
24	84	1	2	4	6
24	85	1	2	2	6
24	86	1	2	3	6
24	87	1	2	1	6
24	88	1	2	4	7
24	89	1	2	2	7
24	90	1	2	3	7
24	91	1	2	1	7
24	92	1	2	4	8
24	93	1	2	2	8
24	94	1	2	3	8
24	95	1	2	1	8
24	96	1	2	4	9
24	97	1	2	2	9
24	98	1	2	3	9
24	99	1	2	1	9
24	100	1	2	4	10
24	101	1	2	2	10
24	102	1	2	3	10
24	103	1	2	1	10
24	104	1	2	4	11
24	105	1	2	2	11
24	106	1	2	3	11
24	107	1	2	1	11
24	108	1	2	4	12
24	109	1	2	2	12
24	110	1	2	3	12
24	111	1	2	1	12
24	112	1	2	4	13
24	113	1	2	2	13
24	114	1	2	3	13
24	115	1	2	1	13
24	116	1	2	4	14
24	117	1	2	2	14
24	118	1	2	3	14
24	119	1	2	1	14
24	120	1	2	4	15
24	121	1	2	2	15
24	122	1	2	3	15
24	123	1	2	1	15
24	124	1	2	4	16
24	125	1	2	2	16
24	126	1	2	3	16
24	127	1	2	1	16
26	0	2	1	4	1
26	1	2	1	2	1
26	2	2	1	3	1
26	3	2	1	1	1
26	4	2	1	4	2
26	5	2	1	2	2
26	6	2	1	3	2
26	7	2	1	1	2
26	8	2	1	4	3
26	9	2	1	2	3
26	10	2	1	3	3
26	11	2	1	1	3
26	12	2	1	4	4
26	13	2	1	2	4
26	14	2	1	3	4
26	15	2	1	1	4
26	16	2	1	4	5
26	17	2	1	2	5
26	18	2	1	3	5
26	19	2	1	1	5
26	20	2	1	4	6
26	21	2	1	2	6
26	22	2	1	3	6
26	23	2	1	1	6
26	24	2	1	4	7
26	25	2	1	2	7
26	26	2	1	3	7
26	27	2	1	1	7
26	28	2	1	4	8
26	29	2	1	2	8
26	30	2	1	3	8
26	31	2	1	1	8
26	32	2	1	4	9
26	33	2	1	2	9
26	34	2	1	3	9
26	35	2	1	1	9
26	36	2	1	4	10
26	37	2	1	2	10
26	38	2	1	3	10
26	39	2	1	1	10
26	40	2	1	4	11
26	41	2	1	2	11
26	42	2	1	3	11
26	43	2	1	1	11
26	44	2	1	4	12
26	45	2	1	2	12
26	46	2	1	3	12
26	47	2	1	1	12
26	48	2	1	4	13
26	49	2	1	2	13
26	50	2	1	3	13
26	51	2	1	1	13
26	52	2	1	4	14
26	53	2	1	2	14
26	54	2	1	3	14
26	55	2	1	1	14
26	56	2	1	4	15
26	57	2	1	2	15
26	58	2	1	3	15
26	59	2	1	1	15
26	60	2	1	4	16
26	61	2	1	2	16
26	62	2	1	3	16
26	63	2	1	1	16
26	64	2	2	4	1
26	65	2	2	2	1
26	66	2	2	3	1
26	67	2	2	1	1
26	68	2	2	4	2
26	69	2	2	2	2
26	70	2	2	3	2
26	71	2	2	1	2
26	72	2	2	4	3
26	73	2	2	2	3
26	74	2	2	3	3
26	75	2	2	1	3
26	76	2	2	4	4
26	77	2	2	2	4
26	78	2	2	3	4
26	79	2	2	1	4
26	80	2	2	4	5
26	81	2	2	2	5
26	82	2	2	3	5
26	83	2	2	1	5
26	84	2	2	4	6
26	85	2	2	2	6
26	86	2	2	3	6
26	87	2	2	1	6
26	88	2	2	4	7
26	89	2	2	2	7
26	90	2	2	3	7
26	91	2	2	1	7
26	92	2	2	4	8
26	93	2	2	2	8
26	94	2	2	3	8
26	95	2	2	1	8
26	96	2	2	4	9
26	97	2	2	2	9
26	98	2	2	3	9
26	99	2	2	1	9
26	100	2	2	4	10
26	101	2	2	2	10
26	102	2	2	3	10
26	103	2	2	1	10
26	104	2	2	4	11
26	105	2	2	2	11
26	106	2	2	3	11
26	107	2	2	1	11
26	108	2	2	4	12
26	109	2	2	2	12
26	110	2	2	3	12
26	111	2	2	1	12
26	112	2	2	4	13
26	113	2	2	2	13
26	114	2	2	3	13
26	115	2	2	1	13
26	116	2	2	4	14
26	117	2	2	2	14
26	118	2	2	3	14
26	119	2	2	1	14
26	120	2	2	4	15
26	121	2	2	2	15
26	122	2	2	3	15
26	123	2	2	1	15
26	124	2	2	4	16
26	125	2	2	2	16
26	126	2	2	3	16
26	127	2	2	1	16
